Paso 0:

      41.621436 
      18.047724       36.185017 
      30.021817       24.691644       23.839064 
      16.554823       34.020496        6.208849       20.644736 
      38.047913       14.332659        34.00572       30.288998       32.085124 
      30.851679        20.91773       20.952008       10.474156        19.18476       24.754864 
      49.379983       43.214779       47.100719       39.618122        45.99229       50.113661       41.207654 
      14.563109       31.020545       14.663112        20.69344       10.938199       28.056333       19.119588       47.048697 
       24.84853       26.108158       20.273682        6.549371       16.734286       29.903857       11.924584        42.04868       16.144614 
      29.334238       18.465444       23.634085        8.500016       20.830363       24.508864        9.068033       36.095063       19.217288       10.342334 
      22.893482       24.703846       20.186675        9.910558       17.275019        27.94601       14.159531       40.163578       16.505921        6.449034       10.387561 
      32.690369       33.539146       25.417764       12.757188       22.224754       37.256568       16.005144       42.156697       22.843906       15.634843       17.558267       20.305233 
      42.448918       32.213563       34.084953       16.365218       32.109701       41.657454       20.255644       34.813952       33.994612       21.006789       19.330544       24.120915        17.94159 
      27.189348        20.49374       19.207146         12.0113        16.36244       21.851088        6.107261       40.619487       14.991482       11.834205         8.96109       13.176571       16.932385       23.839085 
      46.450165       15.954397        41.08485       35.150484       39.212873       12.379022       28.442434       50.431473       34.817442       35.966427       28.789788       35.350279       40.157842       42.807043       26.501404 
       47.21815       19.156303       42.258384       28.258812       39.696971       27.257923       28.964831       52.457086       38.836908       28.994715       26.874964       27.862574       39.459878       35.569798       29.805982       32.249749 
      66.013294       34.819854       61.760574       57.013411       60.325105       29.321506       50.853216       67.954982       56.019331       57.964166       50.900427       56.444247        62.46387       64.637755       49.036852       23.603647       46.123421 
      32.195628       24.790691       24.294134        5.051201       21.270858       30.443947       10.386381       43.075359       22.311453        8.033659       11.312785       12.203479       14.361582       17.071826        12.94894       35.288888        26.24005       56.892871 
      25.675252       20.727531       18.858357       11.005873       16.059123       24.051961         8.33968       38.277337       14.581673       10.302703         5.89625       11.005102       17.345279       22.282908         6.36347       28.741118       29.904652        51.25891       13.007432 
      15.439033       33.778222        9.924107       17.194065        8.041998       33.528965        17.73208       43.218611       11.504922       12.981533       18.367636       12.901536       20.004977       28.837183       15.929019       40.678226       38.987677       62.303962       18.872831       14.899666 
      39.722017        14.26412       32.032396       19.593611       30.039355        21.11358       13.973553       40.847136       27.069512       22.530284       14.083049       23.551998       23.739723       24.908054       14.997788       19.701881       29.010656       41.589042       20.374433       15.514851       29.461432 
      28.742797       33.251174        21.18874       17.402234        19.87754       37.069366       16.717167        8.018821       20.104451        17.83151       17.013759       20.702621       13.985636       20.510373       17.482562       39.391362       42.544815       62.279761       19.881574        14.57589       17.606908         23.1043 
      22.030579       30.353435       15.950262       11.094928       12.141822       31.568806       12.726203       43.346306       12.674225        7.833849       14.373009        11.66068       12.989976           23.63       11.334939       37.332937       35.250792       59.674767       12.356784       11.842025        9.025217       24.607014       15.527966 

Paso 1:

      41.621436 
      18.047724       36.185017 
      16.554823       34.020496        6.208849 
      38.047913       14.332659        34.00572       32.085124 
      30.851679        20.91773       20.952008        19.18476       24.754864 
      49.379983       43.214779       47.100719        45.99229       50.113661       41.207654 
      14.563109       31.020545       14.663112       10.938199       28.056333       19.119588       47.048697 
       24.84853       26.108158       20.273682       16.734286       29.903857       11.924584        42.04868       16.144614 
      29.334238       18.465444       23.634085       20.830363       24.508864        9.068033       36.095063       19.217288       10.342334 
      22.893482       24.703846       20.186675       17.275019        27.94601       14.159531       40.163578       16.505921        6.449034       10.387561 
      32.690369       33.539146       25.417764       22.224754       37.256568       16.005144       42.156697       22.843906       15.634843       17.558267       20.305233 
      42.448918       32.213563       34.084953       32.109701       41.657454       20.255644       34.813952       33.994612       21.006789       19.330544       24.120915        17.94159 
      27.189348        20.49374       19.207146        16.36244       21.851088        6.107261       40.619487       14.991482       11.834205         8.96109       13.176571       16.932385       23.839085 
      46.450165       15.954397        41.08485       39.212873       12.379022       28.442434       50.431473       34.817442       35.966427       28.789788       35.350279       40.157842       42.807043       26.501404 
       47.21815       19.156303       42.258384       39.696971       27.257923       28.964831       52.457086       38.836908       28.994715       26.874964       27.862574       39.459878       35.569798       29.805982       32.249749 
      66.013294       34.819854       61.760574       60.325105       29.321506       50.853216       67.954982       56.019331       57.964166       50.900427       56.444247        62.46387       64.637755       49.036852       23.603647       46.123421 
      25.675252       20.727531       18.858357       16.059123       24.051961         8.33968       38.277337       14.581673       10.302703         5.89625       11.005102       17.345279       22.282908         6.36347       28.741118       29.904652        51.25891 
      15.439033       33.778222        9.924107        8.041998       33.528965        17.73208       43.218611       11.504922       12.981533       18.367636       12.901536       20.004977       28.837183       15.929019       40.678226       38.987677       62.303962       14.899666 
      39.722017        14.26412       32.032396       30.039355        21.11358       13.973553       40.847136       27.069512       22.530284       14.083049       23.551998       23.739723       24.908054       14.997788       19.701881       29.010656       41.589042       15.514851       29.461432 
      28.742797       33.251174        21.18874        19.87754       37.069366       16.717167        8.018821       20.104451        17.83151       17.013759       20.702621       13.985636       20.510373       17.482562       39.391362       42.544815       62.279761        14.57589       17.606908         23.1043 
      22.030579       30.353435       15.950262       12.141822       31.568806       12.726203       43.346306       12.674225        7.833849       14.373009        11.66068       12.989976           23.63       11.334939       37.332937       35.250792       59.674767       11.842025        9.025217       24.607014       15.527966 
      32.195628       24.790691       24.294134       21.270858       30.443947       10.474156       43.075359       22.311453        8.033659       11.312785       12.203479       14.361582       17.071826        12.94894       35.288888       28.258812       57.013411       13.007432       18.872831       20.374433       19.881574       12.356784 

Paso 2:

      41.621436 
      18.047724       36.185017 
      16.554823       34.020496        6.208849 
      38.047913       14.332659        34.00572       32.085124 
      30.851679        20.91773       20.952008        19.18476       24.754864 
      49.379983       43.214779       47.100719        45.99229       50.113661       41.207654 
      14.563109       31.020545       14.663112       10.938199       28.056333       19.119588       47.048697 
       24.84853       26.108158       20.273682       16.734286       29.903857       11.924584        42.04868       16.144614 
      22.893482       24.703846       20.186675       17.275019        27.94601       14.159531       40.163578       16.505921        6.449034 
      32.690369       33.539146       25.417764       22.224754       37.256568       16.005144       42.156697       22.843906       15.634843       20.305233 
      42.448918       32.213563       34.084953       32.109701       41.657454       20.255644       34.813952       33.994612       21.006789       24.120915        17.94159 
      27.189348        20.49374       19.207146        16.36244       21.851088        6.107261       40.619487       14.991482       11.834205       13.176571       16.932385       23.839085 
      46.450165       15.954397        41.08485       39.212873       12.379022       28.442434       50.431473       34.817442       35.966427       35.350279       40.157842       42.807043       26.501404 
       47.21815       19.156303       42.258384       39.696971       27.257923       28.964831       52.457086       38.836908       28.994715       27.862574       39.459878       35.569798       29.805982       32.249749 
      66.013294       34.819854       61.760574       60.325105       29.321506       50.853216       67.954982       56.019331       57.964166       56.444247        62.46387       64.637755       49.036852       23.603647       46.123421 
      15.439033       33.778222        9.924107        8.041998       33.528965        17.73208       43.218611       11.504922       12.981533       12.901536       20.004977       28.837183       15.929019       40.678226       38.987677       62.303962 
      39.722017        14.26412       32.032396       30.039355        21.11358       13.973553       40.847136       27.069512       22.530284       23.551998       23.739723       24.908054       14.997788       19.701881       29.010656       41.589042       29.461432 
      28.742797       33.251174        21.18874        19.87754       37.069366       16.717167        8.018821       20.104451        17.83151       20.702621       13.985636       20.510373       17.482562       39.391362       42.544815       62.279761       17.606908         23.1043 
      22.030579       30.353435       15.950262       12.141822       31.568806       12.726203       43.346306       12.674225        7.833849        11.66068       12.989976           23.63       11.334939       37.332937       35.250792       59.674767        9.025217       24.607014       15.527966 
      32.195628       24.790691       24.294134       21.270858       30.443947       10.474156       43.075359       22.311453        8.033659       12.203479       14.361582       17.071826        12.94894       35.288888       28.258812       57.013411       18.872831       20.374433       19.881574       12.356784 
      29.334238       20.727531       23.634085       20.830363       24.508864        9.068033       38.277337       19.217288       10.342334       11.005102       17.558267       22.282908         8.96109       28.789788       29.904652        51.25891       18.367636       15.514851       17.013759       14.373009       13.007432 

Paso 3:

      41.621436 
      18.047724       36.185017 
      16.554823       34.020496        6.208849 
      38.047913       14.332659        34.00572       32.085124 
      49.379983       43.214779       47.100719        45.99229       50.113661 
      14.563109       31.020545       14.663112       10.938199       28.056333       47.048697 
       24.84853       26.108158       20.273682       16.734286       29.903857        42.04868       16.144614 
      22.893482       24.703846       20.186675       17.275019        27.94601       40.163578       16.505921        6.449034 
      32.690369       33.539146       25.417764       22.224754       37.256568       42.156697       22.843906       15.634843       20.305233 
      42.448918       32.213563       34.084953       32.109701       41.657454       34.813952       33.994612       21.006789       24.120915        17.94159 
      46.450165       15.954397        41.08485       39.212873       12.379022       50.431473       34.817442       35.966427       35.350279       40.157842       42.807043 
       47.21815       19.156303       42.258384       39.696971       27.257923       52.457086       38.836908       28.994715       27.862574       39.459878       35.569798       32.249749 
      66.013294       34.819854       61.760574       60.325105       29.321506       67.954982       56.019331       57.964166       56.444247        62.46387       64.637755       23.603647       46.123421 
      15.439033       33.778222        9.924107        8.041998       33.528965       43.218611       11.504922       12.981533       12.901536       20.004977       28.837183       40.678226       38.987677       62.303962 
      39.722017        14.26412       32.032396       30.039355        21.11358       40.847136       27.069512       22.530284       23.551998       23.739723       24.908054       19.701881       29.010656       41.589042       29.461432 
      28.742797       33.251174        21.18874        19.87754       37.069366        8.018821       20.104451        17.83151       20.702621       13.985636       20.510373       39.391362       42.544815       62.279761       17.606908         23.1043 
      22.030579       30.353435       15.950262       12.141822       31.568806       43.346306       12.674225        7.833849        11.66068       12.989976           23.63       37.332937       35.250792       59.674767        9.025217       24.607014       15.527966 
      32.195628       24.790691       24.294134       21.270858       30.443947       43.075359       22.311453        8.033659       12.203479       14.361582       17.071826       35.288888       28.258812       57.013411       18.872831       20.374433       19.881574       12.356784 
      29.334238       20.727531       23.634085       20.830363       24.508864       38.277337       19.217288       10.342334       11.005102       17.558267       22.282908       28.789788       29.904652        51.25891       18.367636       15.514851       17.013759       14.373009       13.007432 
      30.851679        20.91773       20.952008        19.18476       24.754864       41.207654       19.119588       11.924584       14.159531       16.932385       23.839085       28.442434       29.805982       50.853216        17.73208       14.997788       17.482562       12.726203        12.94894        9.068033 

Paso 4:

      41.621436 
      38.047913       14.332659 
      49.379983       43.214779       50.113661 
      14.563109       31.020545       28.056333       47.048697 
       24.84853       26.108158       29.903857        42.04868       16.144614 
      22.893482       24.703846        27.94601       40.163578       16.505921        6.449034 
      32.690369       33.539146       37.256568       42.156697       22.843906       15.634843       20.305233 
      42.448918       32.213563       41.657454       34.813952       33.994612       21.006789       24.120915        17.94159 
      46.450165       15.954397       12.379022       50.431473       34.817442       35.966427       35.350279       40.157842       42.807043 
       47.21815       19.156303       27.257923       52.457086       38.836908       28.994715       27.862574       39.459878       35.569798       32.249749 
      66.013294       34.819854       29.321506       67.954982       56.019331       57.964166       56.444247        62.46387       64.637755       23.603647       46.123421 
      15.439033       33.778222       33.528965       43.218611       11.504922       12.981533       12.901536       20.004977       28.837183       40.678226       38.987677       62.303962 
      39.722017        14.26412        21.11358       40.847136       27.069512       22.530284       23.551998       23.739723       24.908054       19.701881       29.010656       41.589042       29.461432 
      28.742797       33.251174       37.069366        8.018821       20.104451        17.83151       20.702621       13.985636       20.510373       39.391362       42.544815       62.279761       17.606908         23.1043 
      22.030579       30.353435       31.568806       43.346306       12.674225        7.833849        11.66068       12.989976           23.63       37.332937       35.250792       59.674767        9.025217       24.607014       15.527966 
      32.195628       24.790691       30.443947       43.075359       22.311453        8.033659       12.203479       14.361582       17.071826       35.288888       28.258812       57.013411       18.872831       20.374433       19.881574       12.356784 
      29.334238       20.727531       24.508864       38.277337       19.217288       10.342334       11.005102       17.558267       22.282908       28.789788       29.904652        51.25891       18.367636       15.514851       17.013759       14.373009       13.007432 
      30.851679        20.91773       24.754864       41.207654       19.119588       11.924584       14.159531       16.932385       23.839085       28.442434       29.805982       50.853216        17.73208       14.997788       17.482562       12.726203        12.94894        9.068033 
      18.047724       36.185017        34.00572       47.100719       14.663112       20.273682       20.186675       25.417764       34.084953        41.08485       42.258384       61.760574        9.924107       32.032396        21.18874       15.950262       24.294134       23.634085       20.952008 

Paso 5:

      41.621436 
      38.047913       14.332659 
      49.379983       43.214779       50.113661 
      14.563109       31.020545       28.056333       47.048697 
      32.690369       33.539146       37.256568       42.156697       22.843906 
      42.448918       32.213563       41.657454       34.813952       33.994612        17.94159 
      46.450165       15.954397       12.379022       50.431473       34.817442       40.157842       42.807043 
       47.21815       19.156303       27.257923       52.457086       38.836908       39.459878       35.569798       32.249749 
      66.013294       34.819854       29.321506       67.954982       56.019331        62.46387       64.637755       23.603647       46.123421 
      15.439033       33.778222       33.528965       43.218611       11.504922       20.004977       28.837183       40.678226       38.987677       62.303962 
      39.722017        14.26412        21.11358       40.847136       27.069512       23.739723       24.908054       19.701881       29.010656       41.589042       29.461432 
      28.742797       33.251174       37.069366        8.018821       20.104451       13.985636       20.510373       39.391362       42.544815       62.279761       17.606908         23.1043 
      22.030579       30.353435       31.568806       43.346306       12.674225       12.989976           23.63       37.332937       35.250792       59.674767        9.025217       24.607014       15.527966 
      32.195628       24.790691       30.443947       43.075359       22.311453       14.361582       17.071826       35.288888       28.258812       57.013411       18.872831       20.374433       19.881574       12.356784 
      29.334238       20.727531       24.508864       38.277337       19.217288       17.558267       22.282908       28.789788       29.904652        51.25891       18.367636       15.514851       17.013759       14.373009       13.007432 
      30.851679        20.91773       24.754864       41.207654       19.119588       16.932385       23.839085       28.442434       29.805982       50.853216        17.73208       14.997788       17.482562       12.726203        12.94894        9.068033 
      18.047724       36.185017        34.00572       47.100719       14.663112       25.417764       34.084953        41.08485       42.258384       61.760574        9.924107       32.032396        21.18874       15.950262       24.294134       23.634085       20.952008 
       24.84853       26.108158       29.903857        42.04868       16.505921       20.305233       24.120915       35.966427       28.994715       57.964166       12.981533       23.551998       20.702621        11.66068       12.203479       11.005102       14.159531       20.273682 

Paso 6:

      41.621436 
      38.047913       14.332659 
      14.563109       31.020545       28.056333 
      32.690369       33.539146       37.256568       22.843906 
      42.448918       32.213563       41.657454       33.994612        17.94159 
      46.450165       15.954397       12.379022       34.817442       40.157842       42.807043 
       47.21815       19.156303       27.257923       38.836908       39.459878       35.569798       32.249749 
      66.013294       34.819854       29.321506       56.019331        62.46387       64.637755       23.603647       46.123421 
      15.439033       33.778222       33.528965       11.504922       20.004977       28.837183       40.678226       38.987677       62.303962 
      39.722017        14.26412        21.11358       27.069512       23.739723       24.908054       19.701881       29.010656       41.589042       29.461432 
      22.030579       30.353435       31.568806       12.674225       12.989976           23.63       37.332937       35.250792       59.674767        9.025217       24.607014 
      32.195628       24.790691       30.443947       22.311453       14.361582       17.071826       35.288888       28.258812       57.013411       18.872831       20.374433       12.356784 
      29.334238       20.727531       24.508864       19.217288       17.558267       22.282908       28.789788       29.904652        51.25891       18.367636       15.514851       14.373009       13.007432 
      30.851679        20.91773       24.754864       19.119588       16.932385       23.839085       28.442434       29.805982       50.853216        17.73208       14.997788       12.726203        12.94894        9.068033 
      18.047724       36.185017        34.00572       14.663112       25.417764       34.084953        41.08485       42.258384       61.760574        9.924107       32.032396       15.950262       24.294134       23.634085       20.952008 
       24.84853       26.108158       29.903857       16.505921       20.305233       24.120915       35.966427       28.994715       57.964166       12.981533       23.551998        11.66068       12.203479       11.005102       14.159531       20.273682 
      49.379983       43.214779       50.113661       47.048697       42.156697       34.813952       50.431473       52.457086       67.954982       43.218611       40.847136       43.346306       43.075359       38.277337       41.207654       47.100719        42.04868 

Paso 7:

      41.621436 
      38.047913       14.332659 
      14.563109       31.020545       28.056333 
      32.690369       33.539146       37.256568       22.843906 
      42.448918       32.213563       41.657454       33.994612        17.94159 
      46.450165       15.954397       12.379022       34.817442       40.157842       42.807043 
       47.21815       19.156303       27.257923       38.836908       39.459878       35.569798       32.249749 
      66.013294       34.819854       29.321506       56.019331        62.46387       64.637755       23.603647       46.123421 
      39.722017        14.26412        21.11358       27.069512       23.739723       24.908054       19.701881       29.010656       41.589042 
      32.195628       24.790691       30.443947       22.311453       14.361582       17.071826       35.288888       28.258812       57.013411       20.374433 
      29.334238       20.727531       24.508864       19.217288       17.558267       22.282908       28.789788       29.904652        51.25891       15.514851       13.007432 
      30.851679        20.91773       24.754864       19.119588       16.932385       23.839085       28.442434       29.805982       50.853216       14.997788        12.94894        9.068033 
      18.047724       36.185017        34.00572       14.663112       25.417764       34.084953        41.08485       42.258384       61.760574       32.032396       24.294134       23.634085       20.952008 
       24.84853       26.108158       29.903857       16.505921       20.305233       24.120915       35.966427       28.994715       57.964166       23.551998       12.203479       11.005102       14.159531       20.273682 
      49.379983       43.214779       50.113661       47.048697       42.156697       34.813952       50.431473       52.457086       67.954982       40.847136       43.075359       38.277337       41.207654       47.100719        42.04868 
      22.030579       33.778222       33.528965       12.674225       20.004977       28.837183       40.678226       38.987677       62.303962       29.461432       18.872831       18.367636        17.73208       15.950262       12.981533       43.346306 

Paso 8:

      41.621436 
      38.047913       14.332659 
      14.563109       31.020545       28.056333 
      32.690369       33.539146       37.256568       22.843906 
      42.448918       32.213563       41.657454       33.994612        17.94159 
      46.450165       15.954397       12.379022       34.817442       40.157842       42.807043 
       47.21815       19.156303       27.257923       38.836908       39.459878       35.569798       32.249749 
      66.013294       34.819854       29.321506       56.019331        62.46387       64.637755       23.603647       46.123421 
      39.722017        14.26412        21.11358       27.069512       23.739723       24.908054       19.701881       29.010656       41.589042 
      32.195628       24.790691       30.443947       22.311453       14.361582       17.071826       35.288888       28.258812       57.013411       20.374433 
      18.047724       36.185017        34.00572       14.663112       25.417764       34.084953        41.08485       42.258384       61.760574       32.032396       24.294134 
       24.84853       26.108158       29.903857       16.505921       20.305233       24.120915       35.966427       28.994715       57.964166       23.551998       12.203479       20.273682 
      49.379983       43.214779       50.113661       47.048697       42.156697       34.813952       50.431473       52.457086       67.954982       40.847136       43.075359       47.100719        42.04868 
      22.030579       33.778222       33.528965       12.674225       20.004977       28.837183       40.678226       38.987677       62.303962       29.461432       18.872831       15.950262       12.981533       43.346306 
      30.851679        20.91773       24.754864       19.217288       17.558267       23.839085       28.789788       29.904652        51.25891       15.514851       13.007432       23.634085       14.159531       41.207654       18.367636 

Paso 9:

      41.621436 
      38.047913       14.332659 
      14.563109       31.020545       28.056333 
      32.690369       33.539146       37.256568       22.843906 
      42.448918       32.213563       41.657454       33.994612        17.94159 
      46.450165       15.954397       12.379022       34.817442       40.157842       42.807043 
       47.21815       19.156303       27.257923       38.836908       39.459878       35.569798       32.249749 
      66.013294       34.819854       29.321506       56.019331        62.46387       64.637755       23.603647       46.123421 
      39.722017        14.26412        21.11358       27.069512       23.739723       24.908054       19.701881       29.010656       41.589042 
      18.047724       36.185017        34.00572       14.663112       25.417764       34.084953        41.08485       42.258384       61.760574       32.032396 
      49.379983       43.214779       50.113661       47.048697       42.156697       34.813952       50.431473       52.457086       67.954982       40.847136       47.100719 
      22.030579       33.778222       33.528965       12.674225       20.004977       28.837183       40.678226       38.987677       62.303962       29.461432       15.950262       43.346306 
      30.851679        20.91773       24.754864       19.217288       17.558267       23.839085       28.789788       29.904652        51.25891       15.514851       23.634085       41.207654       18.367636 
      32.195628       26.108158       30.443947       22.311453       20.305233       24.120915       35.966427       28.994715       57.964166       23.551998       24.294134       43.075359       18.872831       14.159531 

Paso 10:

      41.621436 
      14.563109       31.020545 
      32.690369       33.539146       22.843906 
      42.448918       32.213563       33.994612        17.94159 
       47.21815       19.156303       38.836908       39.459878       35.569798 
      66.013294       34.819854       56.019331        62.46387       64.637755       46.123421 
      39.722017        14.26412       27.069512       23.739723       24.908054       29.010656       41.589042 
      18.047724       36.185017       14.663112       25.417764       34.084953       42.258384       61.760574       32.032396 
      49.379983       43.214779       47.048697       42.156697       34.813952       52.457086       67.954982       40.847136       47.100719 
      22.030579       33.778222       12.674225       20.004977       28.837183       38.987677       62.303962       29.461432       15.950262       43.346306 
      30.851679        20.91773       19.217288       17.558267       23.839085       29.904652        51.25891       15.514851       23.634085       41.207654       18.367636 
      32.195628       26.108158       22.311453       20.305233       24.120915       28.994715       57.964166       23.551998       24.294134       43.075359       18.872831       14.159531 
      46.450165       15.954397       34.817442       40.157842       42.807043       32.249749       29.321506        21.11358        41.08485       50.431473       40.678226       28.789788       35.966427 

Paso 11:

      41.621436 
      32.690369       33.539146 
      42.448918       32.213563        17.94159 
       47.21815       19.156303       39.459878       35.569798 
      66.013294       34.819854        62.46387       64.637755       46.123421 
      39.722017        14.26412       23.739723       24.908054       29.010656       41.589042 
      18.047724       36.185017       25.417764       34.084953       42.258384       61.760574       32.032396 
      49.379983       43.214779       42.156697       34.813952       52.457086       67.954982       40.847136       47.100719 
      30.851679        20.91773       17.558267       23.839085       29.904652        51.25891       15.514851       23.634085       41.207654 
      32.195628       26.108158       20.305233       24.120915       28.994715       57.964166       23.551998       24.294134       43.075359       14.159531 
      46.450165       15.954397       40.157842       42.807043       32.249749       29.321506        21.11358        41.08485       50.431473       28.789788       35.966427 
      22.030579       33.778222       22.843906       33.994612       38.987677       62.303962       29.461432       15.950262       47.048697       19.217288       22.311453       40.678226 

Paso 12:

      41.621436 
      32.690369       33.539146 
      42.448918       32.213563        17.94159 
       47.21815       19.156303       39.459878       35.569798 
      66.013294       34.819854        62.46387       64.637755       46.123421 
      39.722017        14.26412       23.739723       24.908054       29.010656       41.589042 
      18.047724       36.185017       25.417764       34.084953       42.258384       61.760574       32.032396 
      49.379983       43.214779       42.156697       34.813952       52.457086       67.954982       40.847136       47.100719 
      46.450165       15.954397       40.157842       42.807043       32.249749       29.321506        21.11358        41.08485       50.431473 
      22.030579       33.778222       22.843906       33.994612       38.987677       62.303962       29.461432       15.950262       47.048697       40.678226 
      32.195628       26.108158       20.305233       24.120915       29.904652       57.964166       23.551998       24.294134       43.075359       35.966427       22.311453 

Paso 13:

      32.690369 
      42.448918        17.94159 
       47.21815       39.459878       35.569798 
      66.013294        62.46387       64.637755       46.123421 
      18.047724       25.417764       34.084953       42.258384       61.760574 
      49.379983       42.156697       34.813952       52.457086       67.954982       47.100719 
      46.450165       40.157842       42.807043       32.249749       29.321506        41.08485       50.431473 
      22.030579       22.843906       33.994612       38.987677       62.303962       15.950262       47.048697       40.678226 
      32.195628       20.305233       24.120915       29.904652       57.964166       24.294134       43.075359       35.966427       22.311453 
      41.621436       33.539146       32.213563       29.010656       41.589042       36.185017       43.214779        21.11358       33.778222       26.108158 

Paso 14:

      32.690369 
      42.448918        17.94159 
       47.21815       39.459878       35.569798 
      66.013294        62.46387       64.637755       46.123421 
      49.379983       42.156697       34.813952       52.457086       67.954982 
      46.450165       40.157842       42.807043       32.249749       29.321506       50.431473 
      32.195628       20.305233       24.120915       29.904652       57.964166       43.075359       35.966427 
      41.621436       33.539146       32.213563       29.010656       41.589042       43.214779        21.11358       26.108158 
      22.030579       25.417764       34.084953       42.258384       62.303962       47.100719        41.08485       24.294134       36.185017 

Paso 15:

       47.21815 
      66.013294       46.123421 
      49.379983       52.457086       67.954982 
      46.450165       32.249749       29.321506       50.431473 
      32.195628       29.904652       57.964166       43.075359       35.966427 
      41.621436       29.010656       41.589042       43.214779        21.11358       26.108158 
      22.030579       42.258384       62.303962       47.100719        41.08485       24.294134       36.185017 
      42.448918       39.459878       64.637755       42.156697       42.807043       24.120915       33.539146       34.084953 

Paso 16:

       47.21815 
      66.013294       46.123421 
      49.379983       52.457086       67.954982 
      32.195628       29.904652       57.964166       43.075359 
      22.030579       42.258384       62.303962       47.100719       24.294134 
      42.448918       39.459878       64.637755       42.156697       24.120915       34.084953 
      46.450165       32.249749       41.589042       50.431473       35.966427        41.08485       42.807043 

Paso 17:

      46.123421 
      52.457086       67.954982 
      29.904652       57.964166       43.075359 
      39.459878       64.637755       42.156697       24.120915 
      32.249749       41.589042       50.431473       35.966427       42.807043 
       47.21815       66.013294       49.379983       32.195628       42.448918       46.450165 

Paso 18:

      46.123421 
      52.457086       67.954982 
      32.249749       41.589042       50.431473 
       47.21815       66.013294       49.379983       46.450165 
      39.459878       64.637755       43.075359       42.807043       42.448918 

Paso 19:

      67.954982 
      66.013294       49.379983 
      64.637755       43.075359       42.448918 
      46.123421       52.457086        47.21815       42.807043 

Paso 20:

      67.954982 
      46.123421       52.457086 
      66.013294       49.379983        47.21815 

Paso 21:

      49.379983 
      67.954982       66.013294 

Paso 22:

      67.954982 

Paso 23:


