Paso 0:

      41.621436 
      18.047724       36.185017 
      30.021817       24.691644       23.839064 
      16.554823       34.020496        6.208849       20.644736 
      38.047913       14.332659        34.00572       30.288998       32.085124 
      30.851679        20.91773       20.952008       10.474156        19.18476       24.754864 
      49.379983       43.214779       47.100719       39.618122        45.99229       50.113661       41.207654 
      14.563109       31.020545       14.663112        20.69344       10.938199       28.056333       19.119588       47.048697 
       24.84853       26.108158       20.273682        6.549371       16.734286       29.903857       11.924584        42.04868       16.144614 
      29.334238       18.465444       23.634085        8.500016       20.830363       24.508864        9.068033       36.095063       19.217288       10.342334 
      22.893482       24.703846       20.186675        9.910558       17.275019        27.94601       14.159531       40.163578       16.505921        6.449034       10.387561 
      32.690369       33.539146       25.417764       12.757188       22.224754       37.256568       16.005144       42.156697       22.843906       15.634843       17.558267       20.305233 
      42.448918       32.213563       34.084953       16.365218       32.109701       41.657454       20.255644       34.813952       33.994612       21.006789       19.330544       24.120915        17.94159 
      27.189348        20.49374       19.207146         12.0113        16.36244       21.851088        6.107261       40.619487       14.991482       11.834205         8.96109       13.176571       16.932385       23.839085 
      46.450165       15.954397        41.08485       35.150484       39.212873       12.379022       28.442434       50.431473       34.817442       35.966427       28.789788       35.350279       40.157842       42.807043       26.501404 
       47.21815       19.156303       42.258384       28.258812       39.696971       27.257923       28.964831       52.457086       38.836908       28.994715       26.874964       27.862574       39.459878       35.569798       29.805982       32.249749 
      66.013294       34.819854       61.760574       57.013411       60.325105       29.321506       50.853216       67.954982       56.019331       57.964166       50.900427       56.444247        62.46387       64.637755       49.036852       23.603647       46.123421 
      32.195628       24.790691       24.294134        5.051201       21.270858       30.443947       10.386381       43.075359       22.311453        8.033659       11.312785       12.203479       14.361582       17.071826        12.94894       35.288888        26.24005       56.892871 
      25.675252       20.727531       18.858357       11.005873       16.059123       24.051961         8.33968       38.277337       14.581673       10.302703         5.89625       11.005102       17.345279       22.282908         6.36347       28.741118       29.904652        51.25891       13.007432 
      15.439033       33.778222        9.924107       17.194065        8.041998       33.528965        17.73208       43.218611       11.504922       12.981533       18.367636       12.901536       20.004977       28.837183       15.929019       40.678226       38.987677       62.303962       18.872831       14.899666 
      39.722017        14.26412       32.032396       19.593611       30.039355        21.11358       13.973553       40.847136       27.069512       22.530284       14.083049       23.551998       23.739723       24.908054       14.997788       19.701881       29.010656       41.589042       20.374433       15.514851       29.461432 
      28.742797       33.251174        21.18874       17.402234        19.87754       37.069366       16.717167        8.018821       20.104451        17.83151       17.013759       20.702621       13.985636       20.510373       17.482562       39.391362       42.544815       62.279761       19.881574        14.57589       17.606908         23.1043 
      22.030579       30.353435       15.950262       11.094928       12.141822       31.568806       12.726203       43.346306       12.674225        7.833849       14.373009        11.66068       12.989976           23.63       11.334939       37.332937       35.250792       59.674767       12.356784       11.842025        9.025217       24.607014       15.527966 

Paso 1:

      41.621436 
      18.047724       36.185017 
      16.554823       34.020496        6.208849 
      38.047913       14.332659        34.00572       32.085124 
      30.851679        20.91773       20.952008        19.18476       24.754864 
      49.379983       43.214779       47.100719        45.99229       50.113661       41.207654 
      14.563109       31.020545       14.663112       10.938199       28.056333       19.119588       47.048697 
       24.84853       26.108158       20.273682       16.734286       29.903857       11.924584        42.04868       16.144614 
      29.334238       18.465444       23.634085       20.830363       24.508864        9.068033       36.095063       19.217288       10.342334 
      22.893482       24.703846       20.186675       17.275019        27.94601       14.159531       40.163578       16.505921        6.449034       10.387561 
      32.690369       33.539146       25.417764       22.224754       37.256568       16.005144       42.156697       22.843906       15.634843       17.558267       20.305233 
      42.448918       32.213563       34.084953       32.109701       41.657454       20.255644       34.813952       33.994612       21.006789       19.330544       24.120915        17.94159 
      27.189348        20.49374       19.207146        16.36244       21.851088        6.107261       40.619487       14.991482       11.834205         8.96109       13.176571       16.932385       23.839085 
      46.450165       15.954397        41.08485       39.212873       12.379022       28.442434       50.431473       34.817442       35.966427       28.789788       35.350279       40.157842       42.807043       26.501404 
       47.21815       19.156303       42.258384       39.696971       27.257923       28.964831       52.457086       38.836908       28.994715       26.874964       27.862574       39.459878       35.569798       29.805982       32.249749 
      66.013294       34.819854       61.760574       60.325105       29.321506       50.853216       67.954982       56.019331       57.964166       50.900427       56.444247        62.46387       64.637755       49.036852       23.603647       46.123421 
      25.675252       20.727531       18.858357       16.059123       24.051961         8.33968       38.277337       14.581673       10.302703         5.89625       11.005102       17.345279       22.282908         6.36347       28.741118       29.904652        51.25891 
      15.439033       33.778222        9.924107        8.041998       33.528965        17.73208       43.218611       11.504922       12.981533       18.367636       12.901536       20.004977       28.837183       15.929019       40.678226       38.987677       62.303962       14.899666 
      39.722017        14.26412       32.032396       30.039355        21.11358       13.973553       40.847136       27.069512       22.530284       14.083049       23.551998       23.739723       24.908054       14.997788       19.701881       29.010656       41.589042       15.514851       29.461432 
      28.742797       33.251174        21.18874        19.87754       37.069366       16.717167        8.018821       20.104451        17.83151       17.013759       20.702621       13.985636       20.510373       17.482562       39.391362       42.544815       62.279761        14.57589       17.606908         23.1043 
      22.030579       30.353435       15.950262       12.141822       31.568806       12.726203       43.346306       12.674225        7.833849       14.373009        11.66068       12.989976           23.63       11.334939       37.332937       35.250792       59.674767       11.842025        9.025217       24.607014       15.527966 
     31.1087225      24.7411675       24.066599       20.957797      30.3664725      10.4302685      41.3467405      21.5024465        7.291515       9.9064005      11.0570185       13.559385       16.718522        12.48012       35.219686       27.249431       56.953141      12.0066525       18.033448       19.984022       18.641904       11.725856 

Paso 2:

      41.621436 
      18.047724       36.185017 
      16.554823       34.020496        6.208849 
      38.047913       14.332659        34.00572       32.085124 
      30.851679        20.91773       20.952008        19.18476       24.754864 
      49.379983       43.214779       47.100719        45.99229       50.113661       41.207654 
      14.563109       31.020545       14.663112       10.938199       28.056333       19.119588       47.048697 
       24.84853       26.108158       20.273682       16.734286       29.903857       11.924584        42.04868       16.144614 
      22.893482       24.703846       20.186675       17.275019        27.94601       14.159531       40.163578       16.505921        6.449034 
      32.690369       33.539146       25.417764       22.224754       37.256568       16.005144       42.156697       22.843906       15.634843       20.305233 
      42.448918       32.213563       34.084953       32.109701       41.657454       20.255644       34.813952       33.994612       21.006789       24.120915        17.94159 
      27.189348        20.49374       19.207146        16.36244       21.851088        6.107261       40.619487       14.991482       11.834205       13.176571       16.932385       23.839085 
      46.450165       15.954397        41.08485       39.212873       12.379022       28.442434       50.431473       34.817442       35.966427       35.350279       40.157842       42.807043       26.501404 
       47.21815       19.156303       42.258384       39.696971       27.257923       28.964831       52.457086       38.836908       28.994715       27.862574       39.459878       35.569798       29.805982       32.249749 
      66.013294       34.819854       61.760574       60.325105       29.321506       50.853216       67.954982       56.019331       57.964166       56.444247        62.46387       64.637755       49.036852       23.603647       46.123421 
      15.439033       33.778222        9.924107        8.041998       33.528965        17.73208       43.218611       11.504922       12.981533       12.901536       20.004977       28.837183       15.929019       40.678226       38.987677       62.303962 
      39.722017        14.26412       32.032396       30.039355        21.11358       13.973553       40.847136       27.069512       22.530284       23.551998       23.739723       24.908054       14.997788       19.701881       29.010656       41.589042       29.461432 
      28.742797       33.251174        21.18874        19.87754       37.069366       16.717167        8.018821       20.104451        17.83151       20.702621       13.985636       20.510373       17.482562       39.391362       42.544815       62.279761       17.606908         23.1043 
      22.030579       30.353435       15.950262       12.141822       31.568806       12.726203       43.346306       12.674225        7.833849        11.66068       12.989976           23.63       11.334939       37.332937       35.250792       59.674767        9.025217       24.607014       15.527966 
     31.1087225      24.7411675       24.066599       20.957797      30.3664725      10.4302685      41.3467405      21.5024465        7.291515      11.0570185       13.559385       16.718522        12.48012       35.219686       27.249431       56.953141       18.033448       19.984022       18.641904       11.725856 
      27.504745      19.5964875       21.246221       18.444743      24.2804125       8.7038565         37.1862      16.8994805      10.3225185      10.6963315       17.451773       20.806726         7.66228       28.765453       28.389808      51.0796685       16.633651        14.79895      15.7948245       13.107517      10.9565265 

Paso 3:

      41.621436 
      18.047724       36.185017 
      16.554823       34.020496        6.208849 
      38.047913       14.332659        34.00572       32.085124 
      49.379983       43.214779       47.100719        45.99229       50.113661 
      14.563109       31.020545       14.663112       10.938199       28.056333       47.048697 
       24.84853       26.108158       20.273682       16.734286       29.903857        42.04868       16.144614 
      22.893482       24.703846       20.186675       17.275019        27.94601       40.163578       16.505921        6.449034 
      32.690369       33.539146       25.417764       22.224754       37.256568       42.156697       22.843906       15.634843       20.305233 
      42.448918       32.213563       34.084953       32.109701       41.657454       34.813952       33.994612       21.006789       24.120915        17.94159 
      46.450165       15.954397        41.08485       39.212873       12.379022       50.431473       34.817442       35.966427       35.350279       40.157842       42.807043 
       47.21815       19.156303       42.258384       39.696971       27.257923       52.457086       38.836908       28.994715       27.862574       39.459878       35.569798       32.249749 
      66.013294       34.819854       61.760574       60.325105       29.321506       67.954982       56.019331       57.964166       56.444247        62.46387       64.637755       23.603647       46.123421 
      15.439033       33.778222        9.924107        8.041998       33.528965       43.218611       11.504922       12.981533       12.901536       20.004977       28.837183       40.678226       38.987677       62.303962 
      39.722017        14.26412       32.032396       30.039355        21.11358       40.847136       27.069512       22.530284       23.551998       23.739723       24.908054       19.701881       29.010656       41.589042       29.461432 
      28.742797       33.251174        21.18874        19.87754       37.069366        8.018821       20.104451        17.83151       20.702621       13.985636       20.510373       39.391362       42.544815       62.279761       17.606908         23.1043 
      22.030579       30.353435       15.950262       12.141822       31.568806       43.346306       12.674225        7.833849        11.66068       12.989976           23.63       37.332937       35.250792       59.674767        9.025217       24.607014       15.527966 
     31.1087225      24.7411675       24.066599       20.957797      30.3664725      41.3467405      21.5024465        7.291515      11.0570185       13.559385       16.718522       35.219686       27.249431       56.953141       18.033448       19.984022       18.641904       11.725856 
      27.504745      19.5964875       21.246221       18.444743      24.2804125         37.1862      16.8994805      10.3225185      10.6963315       17.451773       20.806726       28.765453       28.389808      51.0796685       16.633651        14.79895      15.7948245       13.107517      10.9565265 
     29.0205135       20.705735       20.079577         17.7736       23.302976      40.9135705       17.055535      11.8793945       13.668051      16.4687645      22.0473645       27.471919      29.3854065       49.945034      16.8305495      14.4856705      17.0998645       12.030571     11.45519425      8.18306825 

Paso 4:

      41.621436 
      38.047913       14.332659 
      49.379983       43.214779       50.113661 
      14.563109       31.020545       28.056333       47.048697 
       24.84853       26.108158       29.903857        42.04868       16.144614 
      22.893482       24.703846        27.94601       40.163578       16.505921        6.449034 
      32.690369       33.539146       37.256568       42.156697       22.843906       15.634843       20.305233 
      42.448918       32.213563       41.657454       34.813952       33.994612       21.006789       24.120915        17.94159 
      46.450165       15.954397       12.379022       50.431473       34.817442       35.966427       35.350279       40.157842       42.807043 
       47.21815       19.156303       27.257923       52.457086       38.836908       28.994715       27.862574       39.459878       35.569798       32.249749 
      66.013294       34.819854       29.321506       67.954982       56.019331       57.964166       56.444247        62.46387       64.637755       23.603647       46.123421 
      15.439033       33.778222       33.528965       43.218611       11.504922       12.981533       12.901536       20.004977       28.837183       40.678226       38.987677       62.303962 
      39.722017        14.26412        21.11358       40.847136       27.069512       22.530284       23.551998       23.739723       24.908054       19.701881       29.010656       41.589042       29.461432 
      28.742797       33.251174       37.069366        8.018821       20.104451        17.83151       20.702621       13.985636       20.510373       39.391362       42.544815       62.279761       17.606908         23.1043 
      22.030579       30.353435       31.568806       43.346306       12.674225        7.833849        11.66068       12.989976           23.63       37.332937       35.250792       59.674767        9.025217       24.607014       15.527966 
     31.1087225      24.7411675      30.3664725      41.3467405      21.5024465        7.291515      11.0570185       13.559385       16.718522       35.219686       27.249431       56.953141       18.033448       19.984022       18.641904       11.725856 
      27.504745      19.5964875      24.2804125         37.1862      16.8994805      10.3225185      10.6963315       17.451773       20.806726       28.765453       28.389808      51.0796685       16.633651        14.79895      15.7948245       13.107517      10.9565265 
     29.0205135       20.705735       23.302976      40.9135705       17.055535      11.8793945       13.668051      16.4687645      22.0473645       27.471919      29.3854065       49.945034      16.8305495      14.4856705      17.0998645       12.030571     11.45519425      8.18306825 
     17.3012735      35.1027565       33.045422      46.5465045      12.8006555       18.503984       18.730847       23.821259       33.097327      40.1488615      40.9776775      61.0428395       8.9830525      31.0358755        20.53314       14.046042       22.512198       19.845482      18.9265885 

Paso 5:

      41.621436 
      38.047913       14.332659 
      49.379983       43.214779       50.113661 
      14.563109       31.020545       28.056333       47.048697 
      32.690369       33.539146       37.256568       42.156697       22.843906 
      42.448918       32.213563       41.657454       34.813952       33.994612        17.94159 
      46.450165       15.954397       12.379022       50.431473       34.817442       40.157842       42.807043 
       47.21815       19.156303       27.257923       52.457086       38.836908       39.459878       35.569798       32.249749 
      66.013294       34.819854       29.321506       67.954982       56.019331        62.46387       64.637755       23.603647       46.123421 
      15.439033       33.778222       33.528965       43.218611       11.504922       20.004977       28.837183       40.678226       38.987677       62.303962 
      39.722017        14.26412        21.11358       40.847136       27.069512       23.739723       24.908054       19.701881       29.010656       41.589042       29.461432 
      28.742797       33.251174       37.069366        8.018821       20.104451       13.985636       20.510373       39.391362       42.544815       62.279761       17.606908         23.1043 
      22.030579       30.353435       31.568806       43.346306       12.674225       12.989976           23.63       37.332937       35.250792       59.674767        9.025217       24.607014       15.527966 
     31.1087225      24.7411675      30.3664725      41.3467405      21.5024465       13.559385       16.718522       35.219686       27.249431       56.953141       18.033448       19.984022       18.641904       11.725856 
      27.504745      19.5964875      24.2804125         37.1862      16.8994805       17.451773       20.806726       28.765453       28.389808      51.0796685       16.633651        14.79895      15.7948245       13.107517      10.9565265 
     29.0205135       20.705735       23.302976      40.9135705       17.055535      16.4687645      22.0473645       27.471919      29.3854065       49.945034      16.8305495      14.4856705      17.0998645       12.030571     11.45519425      8.18306825 
     17.3012735      35.1027565       33.045422      46.5465045      12.8006555       23.821259       33.097327      40.1488615      40.9776775      61.0428395       8.9830525      31.0358755        20.53314       14.046042       22.512198       19.845482      18.9265885 
      23.871006       25.406002      28.9249335       41.106129      16.3252675       17.970038       22.563852       35.658353      28.4286445      57.2042065      12.9415345       23.041141      19.2670655       9.7472645      9.17426675       10.509425     12.77372275      18.6174155 

Paso 6:

      41.621436 
      38.047913       14.332659 
      14.563109       31.020545       28.056333 
      32.690369       33.539146       37.256568       22.843906 
      42.448918       32.213563       41.657454       33.994612        17.94159 
      46.450165       15.954397       12.379022       34.817442       40.157842       42.807043 
       47.21815       19.156303       27.257923       38.836908       39.459878       35.569798       32.249749 
      66.013294       34.819854       29.321506       56.019331        62.46387       64.637755       23.603647       46.123421 
      15.439033       33.778222       33.528965       11.504922       20.004977       28.837183       40.678226       38.987677       62.303962 
      39.722017        14.26412        21.11358       27.069512       23.739723       24.908054       19.701881       29.010656       41.589042       29.461432 
      22.030579       30.353435       31.568806       12.674225       12.989976           23.63       37.332937       35.250792       59.674767        9.025217       24.607014 
     31.1087225      24.7411675      30.3664725      21.5024465       13.559385       16.718522       35.219686       27.249431       56.953141       18.033448       19.984022       11.725856 
      27.504745      19.5964875      24.2804125      16.8994805       17.451773       20.806726       28.765453       28.389808      51.0796685       16.633651        14.79895       13.107517      10.9565265 
     29.0205135       20.705735       23.302976       17.055535      16.4687645      22.0473645       27.471919      29.3854065       49.945034      16.8305495      14.4856705       12.030571     11.45519425      8.18306825 
     17.3012735      35.1027565       33.045422      12.8006555       23.821259       33.097327      40.1488615      40.9776775      61.0428395       8.9830525      31.0358755       14.046042       22.512198       19.845482      18.9265885 
      23.871006       25.406002      28.9249335      16.3252675       17.970038       22.563852       35.658353      28.4286445      57.2042065      12.9415345       23.041141       9.7472645      9.17426675       10.509425     12.77372275      18.6174155 
       39.06139      38.2329765      43.5915135       33.576574      28.0711665      27.6621625      44.9114175      47.5009505      65.1173715      30.4127595       31.975718       29.437136     29.99432225     26.49051225      29.0067175     33.53982225     30.18659725 

Paso 7:

      41.621436 
      38.047913       14.332659 
      14.563109       31.020545       28.056333 
      32.690369       33.539146       37.256568       22.843906 
      42.448918       32.213563       41.657454       33.994612        17.94159 
      46.450165       15.954397       12.379022       34.817442       40.157842       42.807043 
       47.21815       19.156303       27.257923       38.836908       39.459878       35.569798       32.249749 
      66.013294       34.819854       29.321506       56.019331        62.46387       64.637755       23.603647       46.123421 
      15.439033       33.778222       33.528965       11.504922       20.004977       28.837183       40.678226       38.987677       62.303962 
      39.722017        14.26412        21.11358       27.069512       23.739723       24.908054       19.701881       29.010656       41.589042       29.461432 
      22.030579       30.353435       31.568806       12.674225       12.989976           23.63       37.332937       35.250792       59.674767        9.025217       24.607014 
     31.1087225      24.7411675      30.3664725      21.5024465       13.559385       16.718522       35.219686       27.249431       56.953141       18.033448       19.984022       11.725856 
     17.3012735      35.1027565       33.045422      12.8006555       23.821259       33.097327      40.1488615      40.9776775      61.0428395       8.9830525      31.0358755       14.046042       22.512198 
      23.871006       25.406002      28.9249335      16.3252675       17.970038       22.563852       35.658353      28.4286445      57.2042065      12.9415345       23.041141       9.7472645      9.17426675      18.6174155 
       39.06139      38.2329765      43.5915135       33.576574      28.0711665      27.6621625      44.9114175      47.5009505      65.1173715      30.4127595       31.975718       29.437136     29.99432225     33.53982225     30.18659725 
    28.26262925     20.15111125     23.79169425     16.97750775     16.96026875     21.42704525       28.118686     28.88760725     50.51235125     16.73210025     14.64231025       12.569044    11.205860375     19.38603525    11.641573875    27.748614875 

Paso 8:

      41.621436 
      38.047913       14.332659 
      14.563109       31.020545       28.056333 
      32.690369       33.539146       37.256568       22.843906 
      42.448918       32.213563       41.657454       33.994612        17.94159 
      46.450165       15.954397       12.379022       34.817442       40.157842       42.807043 
       47.21815       19.156303       27.257923       38.836908       39.459878       35.569798       32.249749 
      66.013294       34.819854       29.321506       56.019331        62.46387       64.637755       23.603647       46.123421 
      39.722017        14.26412        21.11358       27.069512       23.739723       24.908054       19.701881       29.010656       41.589042 
      22.030579       30.353435       31.568806       12.674225       12.989976           23.63       37.332937       35.250792       59.674767       24.607014 
     31.1087225      24.7411675      30.3664725      21.5024465       13.559385       16.718522       35.219686       27.249431       56.953141       19.984022       11.725856 
      23.871006       25.406002      28.9249335      16.3252675       17.970038       22.563852       35.658353      28.4286445      57.2042065       23.041141       9.7472645      9.17426675 
       39.06139      38.2329765      43.5915135       33.576574      28.0711665      27.6621625      44.9114175      47.5009505      65.1173715       31.975718       29.437136     29.99432225     30.18659725 
    28.26262925     20.15111125     23.79169425     16.97750775     16.96026875     21.42704525       28.118686     28.88760725     50.51235125     14.64231025       12.569044    11.205860375    11.641573875    27.748614875 
  16.6805266667       34.661245       33.206603   12.3687443333       22.549165       31.677279   40.3253163333       40.314344   61.4632136667       30.511061   12.3724336667   21.0192813333   16.7254551667       32.497468     18.50139025 

Paso 9:

      41.621436 
      38.047913       14.332659 
      14.563109       31.020545       28.056333 
      32.690369       33.539146       37.256568       22.843906 
      42.448918       32.213563       41.657454       33.994612        17.94159 
      46.450165       15.954397       12.379022       34.817442       40.157842       42.807043 
       47.21815       19.156303       27.257923       38.836908       39.459878       35.569798       32.249749 
      66.013294       34.819854       29.321506       56.019331        62.46387       64.637755       23.603647       46.123421 
      39.722017        14.26412        21.11358       27.069512       23.739723       24.908054       19.701881       29.010656       41.589042 
      22.030579       30.353435       31.568806       12.674225       12.989976           23.63       37.332937       35.250792       59.674767       24.607014 
       39.06139      38.2329765      43.5915135       33.576574      28.0711665      27.6621625      44.9114175      47.5009505      65.1173715       31.975718       29.437136 
    28.26262925     20.15111125     23.79169425     16.97750775     16.96026875     21.42704525       28.118686     28.88760725     50.51235125     14.64231025       12.569044    27.748614875 
  16.6805266667       34.661245       33.206603   12.3687443333       22.549165       31.677279   40.3253163333       40.314344   61.4632136667       30.511061   12.3724336667       32.497468     18.50139025 
    27.48986425     25.07358475       29.645703       18.913857      15.7647115       19.641187      35.4390195     27.83903775     57.07867375      21.5125815     10.73656025     30.09045975    11.423717125     18.87236825 

Paso 10:

      41.621436 
      38.047913       14.332659 
      14.563109       31.020545       28.056333 
      32.690369       33.539146       37.256568       22.843906 
      42.448918       32.213563       41.657454       33.994612        17.94159 
      46.450165       15.954397       12.379022       34.817442       40.157842       42.807043 
       47.21815       19.156303       27.257923       38.836908       39.459878       35.569798       32.249749 
      66.013294       34.819854       29.321506       56.019331        62.46387       64.637755       23.603647       46.123421 
      39.722017        14.26412        21.11358       27.069512       23.739723       24.908054       19.701881       29.010656       41.589042 
       39.06139      38.2329765      43.5915135       33.576574      28.0711665      27.6621625      44.9114175      47.5009505      65.1173715       31.975718 
    28.26262925     20.15111125     23.79169425     16.97750775     16.96026875     21.42704525       28.118686     28.88760725     50.51235125     14.64231025    27.748614875 
  16.6805266667       34.661245       33.206603   12.3687443333       22.549165       31.677279   40.3253163333       40.314344   61.4632136667       30.511061       32.497468     18.50139025 
     26.3980072      26.1295548      30.0303236      17.6659306      15.2097644      20.4389496       35.817803      29.3213886      57.5978924       22.131468       29.959795      11.6527825   17.5723813333 

Paso 11:

      41.621436 
      38.047913       14.332659 
      14.563109       31.020545       28.056333 
      32.690369       33.539146       37.256568       22.843906 
      42.448918       32.213563       41.657454       33.994612        17.94159 
      46.450165       15.954397       12.379022       34.817442       40.157842       42.807043 
       47.21815       19.156303       27.257923       38.836908       39.459878       35.569798       32.249749 
      66.013294       34.819854       29.321506       56.019331        62.46387       64.637755       23.603647       46.123421 
      39.722017        14.26412        21.11358       27.069512       23.739723       24.908054       19.701881       29.010656       41.589042 
       39.06139      38.2329765      43.5915135       33.576574      28.0711665      27.6621625      44.9114175      47.5009505      65.1173715       31.975718 
  16.6805266667       34.661245       33.206603   12.3687443333       22.549165       31.677279   40.3253163333       40.314344   61.4632136667       30.511061       32.497468 
  27.2267281111   23.4724687778   27.2575994444   17.3599648889   15.9877663333   20.8781032222   32.3959732222   29.1285968889       54.448763   18.8029534444   28.9770482778   17.9852741852 

Paso 12:

      41.621436 
      38.047913       14.332659 
      32.690369       33.539146       37.256568 
      42.448918       32.213563       41.657454        17.94159 
      46.450165       15.954397       12.379022       40.157842       42.807043 
       47.21815       19.156303       27.257923       39.459878       35.569798       32.249749 
      66.013294       34.819854       29.321506        62.46387       64.637755       23.603647       46.123421 
      39.722017        14.26412        21.11358       23.739723       24.908054       19.701881       29.010656       41.589042 
       39.06139      38.2329765      43.5915135      28.0711665      27.6621625      44.9114175      47.5009505      65.1173715       31.975718 
  27.2267281111   23.4724687778   27.2575994444   15.9877663333   20.8781032222   32.3959732222   29.1285968889       54.448763   18.8029534444   28.9770482778 
    16.15117225        33.75107      31.9190355     22.62285025     32.25661225     38.94834775       39.944985       60.102243     29.65067375      32.7672445   17.8289468611 

Paso 13:

      41.621436 
      32.690369       33.539146 
      42.448918       32.213563        17.94159 
       47.21815       19.156303       39.459878       35.569798 
      66.013294       34.819854        62.46387       64.637755       46.123421 
      39.722017        14.26412       23.739723       24.908054       29.010656       41.589042 
       39.06139      38.2329765      28.0711665      27.6621625      47.5009505      65.1173715       31.975718 
  27.2267281111   23.4724687778   15.9877663333   20.8781032222   29.1285968889       54.448763   18.8029534444   28.9770482778 
    16.15117225        33.75107     22.62285025     32.25661225       39.944985       60.102243     29.65067375      32.7672445   17.8289468611 
      42.249039       15.143528       38.707205      42.2322485       29.753836      26.4625765      20.4077305      44.2514655   29.8267863333    35.433691625 

Paso 14:

      32.690369 
      42.448918        17.94159 
       47.21815       39.459878       35.569798 
      66.013294        62.46387       64.637755       46.123421 
       39.06139      28.0711665      27.6621625      47.5009505      65.1173715 
  27.2267281111   15.9877663333   20.8781032222   29.1285968889       54.448763   28.9770482778 
    16.15117225     22.62285025     32.25661225       39.944985       60.102243      32.7672445   17.8289468611 
      42.249039       38.707205      42.2322485       29.753836      26.4625765      44.2514655   29.8267863333    35.433691625 
     40.6717265      28.6394345      28.5608085      24.0834795       38.204448     35.10434725   21.1377111111    31.700871875     17.77562925 

Paso 15:

      42.448918 
       47.21815       35.569798 
      66.013294       64.637755       46.123421 
       39.06139      27.6621625      47.5009505      65.1173715 
    16.15117225     32.25661225       39.944985       60.102243      32.7672445 
      42.249039      42.2322485       29.753836      26.4625765      44.2514655    35.433691625 
     40.6717265      28.5608085      24.0834795       38.204448     35.10434725    31.700871875     17.77562925 
     27.7730922      20.5844519       30.161725      55.2502737      28.8864601      18.3083372      30.7148282     21.88788345 

Paso 16:

      35.569798 
      64.637755       46.123421 
     27.6621625      47.5009505      65.1173715 
     42.2322485       29.753836      26.4625765      44.2514655 
     28.5608085      24.0834795       38.204448     35.10434725     17.77562925 
     20.5844519       30.161725      55.2502737      28.8864601      30.7148282     21.88788345 
     34.2950734       41.399618      61.2844532      34.0260736      36.7967611      33.4950428      20.2012882 

Paso 17:

      35.569798 
      64.637755       46.123421 
     27.6621625      47.5009505      65.1173715 
     20.5844519       30.161725      55.2502737      28.8864601 
     34.2950734       41.399618      61.2844532      34.0260736      20.2012882 
     35.3965285     26.91865775     32.33351225    39.677906375    26.301355825     35.14590195 

Paso 18:

      35.569798 
      64.637755       46.123421 
     27.6621625      47.5009505      65.1173715 
     35.3965285     26.91865775     32.33351225    39.677906375 
  25.1546590667   33.9076893333   57.2616668667      30.5996646   29.2495378667 

Paso 19:

      46.123421 
     47.5009505      65.1173715 
    26.91865775     32.33351225    39.677906375 
   34.011571125    57.722672375   30.4160707188   29.6337247813 

Paso 20:

     65.1173715 
   57.722672375   30.4160707188 
      35.091494      41.2425152     30.50929405 

Paso 21:

      35.091494 
  58.5443056111   31.7018741778 

Paso 22:

  53.4458683043 

Paso 23:


