Union (4 ) + (19 ) -> dist: 5.051201
Union (11 ) + (20 ) -> dist: 5.89625
Union (7 ) + (15 ) -> dist: 6.107261
Union (3 ) + (5 ) -> dist: 6.208849
Union (11 20 ) + (7 15 ) -> dist: 6.36347
Union (10 ) + (12 ) -> dist: 6.449034
Union (4 19 ) + (10 12 ) -> dist: 6.549371
Union (24 ) + (4 19 10 12 ) -> dist: 7.833849
Union (8 ) + (23 ) -> dist: 8.018821
Union (21 ) + (3 5 ) -> dist: 8.041998
Union (11 20 7 15 ) + (24 4 19 10 12 ) -> dist: 8.500016
Union (21 3 5 ) + (11 20 7 15 24 4 19 10 12 ) -> dist: 9.025217
Union (9 ) + (21 3 5 11 20 7 15 24 4 19 10 12 ) -> dist: 10.938199
Union (6 ) + (16 ) -> dist: 12.379022
Union (13 ) + (9 21 3 5 11 20 7 15 24 4 19 10 12 ) -> dist: 12.757188
Union (22 ) + (13 9 21 3 5 11 20 7 15 24 4 19 10 12 ) -> dist: 13.973553
Union (8 23 ) + (22 13 9 21 3 5 11 20 7 15 24 4 19 10 12 ) -> dist: 13.985636
Union (2 ) + (8 23 22 13 9 21 3 5 11 20 7 15 24 4 19 10 12 ) -> dist: 14.26412
Union (6 16 ) + (2 8 23 22 13 9 21 3 5 11 20 7 15 24 4 19 10 12 ) -> dist: 14.332659
Union (1 ) + (6 16 2 8 23 22 13 9 21 3 5 11 20 7 15 24 4 19 10 12 ) -> dist: 14.563109
Union (14 ) + (1 6 16 2 8 23 22 13 9 21 3 5 11 20 7 15 24 4 19 10 12 ) -> dist: 16.365218
Union (17 ) + (14 1 6 16 2 8 23 22 13 9 21 3 5 11 20 7 15 24 4 19 10 12 ) -> dist: 19.156303
Union (18 ) + (17 14 1 6 16 2 8 23 22 13 9 21 3 5 11 20 7 15 24 4 19 10 12 ) -> dist: 23.603647
