Paso 0:

      41.621436 
      18.047724       36.185017 
      30.021817       24.691644       23.839064 
      16.554823       34.020496        6.208849       20.644736 
      38.047913       14.332659        34.00572       30.288998       32.085124 
      30.851679        20.91773       20.952008       10.474156        19.18476       24.754864 
      49.379983       43.214779       47.100719       39.618122        45.99229       50.113661       41.207654 
      14.563109       31.020545       14.663112        20.69344       10.938199       28.056333       19.119588       47.048697 
       24.84853       26.108158       20.273682        6.549371       16.734286       29.903857       11.924584        42.04868       16.144614 
      29.334238       18.465444       23.634085        8.500016       20.830363       24.508864        9.068033       36.095063       19.217288       10.342334 
      22.893482       24.703846       20.186675        9.910558       17.275019        27.94601       14.159531       40.163578       16.505921        6.449034       10.387561 
      32.690369       33.539146       25.417764       12.757188       22.224754       37.256568       16.005144       42.156697       22.843906       15.634843       17.558267       20.305233 
      42.448918       32.213563       34.084953       16.365218       32.109701       41.657454       20.255644       34.813952       33.994612       21.006789       19.330544       24.120915        17.94159 
      27.189348        20.49374       19.207146         12.0113        16.36244       21.851088        6.107261       40.619487       14.991482       11.834205         8.96109       13.176571       16.932385       23.839085 
      46.450165       15.954397        41.08485       35.150484       39.212873       12.379022       28.442434       50.431473       34.817442       35.966427       28.789788       35.350279       40.157842       42.807043       26.501404 
       47.21815       19.156303       42.258384       28.258812       39.696971       27.257923       28.964831       52.457086       38.836908       28.994715       26.874964       27.862574       39.459878       35.569798       29.805982       32.249749 
      66.013294       34.819854       61.760574       57.013411       60.325105       29.321506       50.853216       67.954982       56.019331       57.964166       50.900427       56.444247        62.46387       64.637755       49.036852       23.603647       46.123421 
      32.195628       24.790691       24.294134        5.051201       21.270858       30.443947       10.386381       43.075359       22.311453        8.033659       11.312785       12.203479       14.361582       17.071826        12.94894       35.288888        26.24005       56.892871 
      25.675252       20.727531       18.858357       11.005873       16.059123       24.051961         8.33968       38.277337       14.581673       10.302703         5.89625       11.005102       17.345279       22.282908         6.36347       28.741118       29.904652        51.25891       13.007432 
      15.439033       33.778222        9.924107       17.194065        8.041998       33.528965        17.73208       43.218611       11.504922       12.981533       18.367636       12.901536       20.004977       28.837183       15.929019       40.678226       38.987677       62.303962       18.872831       14.899666 
      39.722017        14.26412       32.032396       19.593611       30.039355        21.11358       13.973553       40.847136       27.069512       22.530284       14.083049       23.551998       23.739723       24.908054       14.997788       19.701881       29.010656       41.589042       20.374433       15.514851       29.461432 
      28.742797       33.251174        21.18874       17.402234        19.87754       37.069366       16.717167        8.018821       20.104451        17.83151       17.013759       20.702621       13.985636       20.510373       17.482562       39.391362       42.544815       62.279761       19.881574        14.57589       17.606908         23.1043 
      22.030579       30.353435       15.950262       11.094928       12.141822       31.568806       12.726203       43.346306       12.674225        7.833849       14.373009        11.66068       12.989976           23.63       11.334939       37.332937       35.250792       59.674767       12.356784       11.842025        9.025217       24.607014       15.527966 

Paso 1:

      41.621436 
      18.047724       36.185017 
      16.554823       34.020496        6.208849 
      38.047913       14.332659        34.00572       32.085124 
      30.851679        20.91773       20.952008        19.18476       24.754864 
      49.379983       43.214779       47.100719        45.99229       50.113661       41.207654 
      14.563109       31.020545       14.663112       10.938199       28.056333       19.119588       47.048697 
       24.84853       26.108158       20.273682       16.734286       29.903857       11.924584        42.04868       16.144614 
      29.334238       18.465444       23.634085       20.830363       24.508864        9.068033       36.095063       19.217288       10.342334 
      22.893482       24.703846       20.186675       17.275019        27.94601       14.159531       40.163578       16.505921        6.449034       10.387561 
      32.690369       33.539146       25.417764       22.224754       37.256568       16.005144       42.156697       22.843906       15.634843       17.558267       20.305233 
      42.448918       32.213563       34.084953       32.109701       41.657454       20.255644       34.813952       33.994612       21.006789       19.330544       24.120915        17.94159 
      27.189348        20.49374       19.207146        16.36244       21.851088        6.107261       40.619487       14.991482       11.834205         8.96109       13.176571       16.932385       23.839085 
      46.450165       15.954397        41.08485       39.212873       12.379022       28.442434       50.431473       34.817442       35.966427       28.789788       35.350279       40.157842       42.807043       26.501404 
       47.21815       19.156303       42.258384       39.696971       27.257923       28.964831       52.457086       38.836908       28.994715       26.874964       27.862574       39.459878       35.569798       29.805982       32.249749 
      66.013294       34.819854       61.760574       60.325105       29.321506       50.853216       67.954982       56.019331       57.964166       50.900427       56.444247        62.46387       64.637755       49.036852       23.603647       46.123421 
      25.675252       20.727531       18.858357       16.059123       24.051961         8.33968       38.277337       14.581673       10.302703         5.89625       11.005102       17.345279       22.282908         6.36347       28.741118       29.904652        51.25891 
      15.439033       33.778222        9.924107        8.041998       33.528965        17.73208       43.218611       11.504922       12.981533       18.367636       12.901536       20.004977       28.837183       15.929019       40.678226       38.987677       62.303962       14.899666 
      39.722017        14.26412       32.032396       30.039355        21.11358       13.973553       40.847136       27.069512       22.530284       14.083049       23.551998       23.739723       24.908054       14.997788       19.701881       29.010656       41.589042       15.514851       29.461432 
      28.742797       33.251174        21.18874        19.87754       37.069366       16.717167        8.018821       20.104451        17.83151       17.013759       20.702621       13.985636       20.510373       17.482562       39.391362       42.544815       62.279761        14.57589       17.606908         23.1043 
      22.030579       30.353435       15.950262       12.141822       31.568806       12.726203       43.346306       12.674225        7.833849       14.373009        11.66068       12.989976           23.63       11.334939       37.332937       35.250792       59.674767       11.842025        9.025217       24.607014       15.527966 
      30.021817       24.691644       23.839064       20.644736       30.288998       10.386381       39.618122        20.69344        6.549371        8.500016        9.910558       12.757188       16.365218         12.0113       35.150484        26.24005       56.892871       11.005873       17.194065       19.593611       17.402234       11.094928 

Paso 2:

      41.621436 
      18.047724       36.185017 
      16.554823       34.020496        6.208849 
      38.047913       14.332659        34.00572       32.085124 
      30.851679        20.91773       20.952008        19.18476       24.754864 
      49.379983       43.214779       47.100719        45.99229       50.113661       41.207654 
      14.563109       31.020545       14.663112       10.938199       28.056333       19.119588       47.048697 
       24.84853       26.108158       20.273682       16.734286       29.903857       11.924584        42.04868       16.144614 
      22.893482       24.703846       20.186675       17.275019        27.94601       14.159531       40.163578       16.505921        6.449034 
      32.690369       33.539146       25.417764       22.224754       37.256568       16.005144       42.156697       22.843906       15.634843       20.305233 
      42.448918       32.213563       34.084953       32.109701       41.657454       20.255644       34.813952       33.994612       21.006789       24.120915        17.94159 
      27.189348        20.49374       19.207146        16.36244       21.851088        6.107261       40.619487       14.991482       11.834205       13.176571       16.932385       23.839085 
      46.450165       15.954397        41.08485       39.212873       12.379022       28.442434       50.431473       34.817442       35.966427       35.350279       40.157842       42.807043       26.501404 
       47.21815       19.156303       42.258384       39.696971       27.257923       28.964831       52.457086       38.836908       28.994715       27.862574       39.459878       35.569798       29.805982       32.249749 
      66.013294       34.819854       61.760574       60.325105       29.321506       50.853216       67.954982       56.019331       57.964166       56.444247        62.46387       64.637755       49.036852       23.603647       46.123421 
      15.439033       33.778222        9.924107        8.041998       33.528965        17.73208       43.218611       11.504922       12.981533       12.901536       20.004977       28.837183       15.929019       40.678226       38.987677       62.303962 
      39.722017        14.26412       32.032396       30.039355        21.11358       13.973553       40.847136       27.069512       22.530284       23.551998       23.739723       24.908054       14.997788       19.701881       29.010656       41.589042       29.461432 
      28.742797       33.251174        21.18874        19.87754       37.069366       16.717167        8.018821       20.104451        17.83151       20.702621       13.985636       20.510373       17.482562       39.391362       42.544815       62.279761       17.606908         23.1043 
      22.030579       30.353435       15.950262       12.141822       31.568806       12.726203       43.346306       12.674225        7.833849        11.66068       12.989976           23.63       11.334939       37.332937       35.250792       59.674767        9.025217       24.607014       15.527966 
      30.021817       24.691644       23.839064       20.644736       30.288998       10.386381       39.618122        20.69344        6.549371        9.910558       12.757188       16.365218         12.0113       35.150484        26.24005       56.892871       17.194065       19.593611       17.402234       11.094928 
      25.675252       18.465444       18.858357       16.059123       24.051961         8.33968       36.095063       14.581673       10.302703       10.387561       17.345279       19.330544         6.36347       28.741118       26.874964       50.900427       14.899666       14.083049        14.57589       11.842025        8.500016 

Paso 3:

      41.621436 
      18.047724       36.185017 
      16.554823       34.020496        6.208849 
      38.047913       14.332659        34.00572       32.085124 
      49.379983       43.214779       47.100719        45.99229       50.113661 
      14.563109       31.020545       14.663112       10.938199       28.056333       47.048697 
       24.84853       26.108158       20.273682       16.734286       29.903857        42.04868       16.144614 
      22.893482       24.703846       20.186675       17.275019        27.94601       40.163578       16.505921        6.449034 
      32.690369       33.539146       25.417764       22.224754       37.256568       42.156697       22.843906       15.634843       20.305233 
      42.448918       32.213563       34.084953       32.109701       41.657454       34.813952       33.994612       21.006789       24.120915        17.94159 
      46.450165       15.954397        41.08485       39.212873       12.379022       50.431473       34.817442       35.966427       35.350279       40.157842       42.807043 
       47.21815       19.156303       42.258384       39.696971       27.257923       52.457086       38.836908       28.994715       27.862574       39.459878       35.569798       32.249749 
      66.013294       34.819854       61.760574       60.325105       29.321506       67.954982       56.019331       57.964166       56.444247        62.46387       64.637755       23.603647       46.123421 
      15.439033       33.778222        9.924107        8.041998       33.528965       43.218611       11.504922       12.981533       12.901536       20.004977       28.837183       40.678226       38.987677       62.303962 
      39.722017        14.26412       32.032396       30.039355        21.11358       40.847136       27.069512       22.530284       23.551998       23.739723       24.908054       19.701881       29.010656       41.589042       29.461432 
      28.742797       33.251174        21.18874        19.87754       37.069366        8.018821       20.104451        17.83151       20.702621       13.985636       20.510373       39.391362       42.544815       62.279761       17.606908         23.1043 
      22.030579       30.353435       15.950262       12.141822       31.568806       43.346306       12.674225        7.833849        11.66068       12.989976           23.63       37.332937       35.250792       59.674767        9.025217       24.607014       15.527966 
      30.021817       24.691644       23.839064       20.644736       30.288998       39.618122        20.69344        6.549371        9.910558       12.757188       16.365218       35.150484        26.24005       56.892871       17.194065       19.593611       17.402234       11.094928 
      25.675252       18.465444       18.858357       16.059123       24.051961       36.095063       14.581673       10.302703       10.387561       17.345279       19.330544       28.741118       26.874964       50.900427       14.899666       14.083049        14.57589       11.842025        8.500016 
      27.189348        20.49374       19.207146        16.36244       21.851088       40.619487       14.991482       11.834205       13.176571       16.005144       20.255644       26.501404       28.964831       49.036852       15.929019       13.973553       16.717167       11.334939       10.386381         6.36347 

Paso 4:

      41.621436 
      38.047913       14.332659 
      49.379983       43.214779       50.113661 
      14.563109       31.020545       28.056333       47.048697 
       24.84853       26.108158       29.903857        42.04868       16.144614 
      22.893482       24.703846        27.94601       40.163578       16.505921        6.449034 
      32.690369       33.539146       37.256568       42.156697       22.843906       15.634843       20.305233 
      42.448918       32.213563       41.657454       34.813952       33.994612       21.006789       24.120915        17.94159 
      46.450165       15.954397       12.379022       50.431473       34.817442       35.966427       35.350279       40.157842       42.807043 
       47.21815       19.156303       27.257923       52.457086       38.836908       28.994715       27.862574       39.459878       35.569798       32.249749 
      66.013294       34.819854       29.321506       67.954982       56.019331       57.964166       56.444247        62.46387       64.637755       23.603647       46.123421 
      15.439033       33.778222       33.528965       43.218611       11.504922       12.981533       12.901536       20.004977       28.837183       40.678226       38.987677       62.303962 
      39.722017        14.26412        21.11358       40.847136       27.069512       22.530284       23.551998       23.739723       24.908054       19.701881       29.010656       41.589042       29.461432 
      28.742797       33.251174       37.069366        8.018821       20.104451        17.83151       20.702621       13.985636       20.510373       39.391362       42.544815       62.279761       17.606908         23.1043 
      22.030579       30.353435       31.568806       43.346306       12.674225        7.833849        11.66068       12.989976           23.63       37.332937       35.250792       59.674767        9.025217       24.607014       15.527966 
      30.021817       24.691644       30.288998       39.618122        20.69344        6.549371        9.910558       12.757188       16.365218       35.150484        26.24005       56.892871       17.194065       19.593611       17.402234       11.094928 
      25.675252       18.465444       24.051961       36.095063       14.581673       10.302703       10.387561       17.345279       19.330544       28.741118       26.874964       50.900427       14.899666       14.083049        14.57589       11.842025        8.500016 
      27.189348        20.49374       21.851088       40.619487       14.991482       11.834205       13.176571       16.005144       20.255644       26.501404       28.964831       49.036852       15.929019       13.973553       16.717167       11.334939       10.386381         6.36347 
      16.554823       34.020496       32.085124        45.99229       10.938199       16.734286       17.275019       22.224754       32.109701       39.212873       39.696971       60.325105        8.041998       30.039355        19.87754       12.141822       20.644736       16.059123        16.36244 

Paso 5:

      41.621436 
      38.047913       14.332659 
      49.379983       43.214779       50.113661 
      14.563109       31.020545       28.056333       47.048697 
       24.84853       26.108158       29.903857        42.04868       16.144614 
      22.893482       24.703846        27.94601       40.163578       16.505921        6.449034 
      32.690369       33.539146       37.256568       42.156697       22.843906       15.634843       20.305233 
      42.448918       32.213563       41.657454       34.813952       33.994612       21.006789       24.120915        17.94159 
      46.450165       15.954397       12.379022       50.431473       34.817442       35.966427       35.350279       40.157842       42.807043 
       47.21815       19.156303       27.257923       52.457086       38.836908       28.994715       27.862574       39.459878       35.569798       32.249749 
      66.013294       34.819854       29.321506       67.954982       56.019331       57.964166       56.444247        62.46387       64.637755       23.603647       46.123421 
      15.439033       33.778222       33.528965       43.218611       11.504922       12.981533       12.901536       20.004977       28.837183       40.678226       38.987677       62.303962 
      39.722017        14.26412        21.11358       40.847136       27.069512       22.530284       23.551998       23.739723       24.908054       19.701881       29.010656       41.589042       29.461432 
      28.742797       33.251174       37.069366        8.018821       20.104451        17.83151       20.702621       13.985636       20.510373       39.391362       42.544815       62.279761       17.606908         23.1043 
      22.030579       30.353435       31.568806       43.346306       12.674225        7.833849        11.66068       12.989976           23.63       37.332937       35.250792       59.674767        9.025217       24.607014       15.527966 
      30.021817       24.691644       30.288998       39.618122        20.69344        6.549371        9.910558       12.757188       16.365218       35.150484        26.24005       56.892871       17.194065       19.593611       17.402234       11.094928 
      16.554823       34.020496       32.085124        45.99229       10.938199       16.734286       17.275019       22.224754       32.109701       39.212873       39.696971       60.325105        8.041998       30.039355        19.87754       12.141822       20.644736 
      25.675252       18.465444       21.851088       36.095063       14.581673       10.302703       10.387561       16.005144       19.330544       26.501404       26.874964       49.036852       14.899666       13.973553        14.57589       11.334939        8.500016       16.059123 

Paso 6:

      41.621436 
      38.047913       14.332659 
      49.379983       43.214779       50.113661 
      14.563109       31.020545       28.056333       47.048697 
      32.690369       33.539146       37.256568       42.156697       22.843906 
      42.448918       32.213563       41.657454       34.813952       33.994612        17.94159 
      46.450165       15.954397       12.379022       50.431473       34.817442       40.157842       42.807043 
       47.21815       19.156303       27.257923       52.457086       38.836908       39.459878       35.569798       32.249749 
      66.013294       34.819854       29.321506       67.954982       56.019331        62.46387       64.637755       23.603647       46.123421 
      15.439033       33.778222       33.528965       43.218611       11.504922       20.004977       28.837183       40.678226       38.987677       62.303962 
      39.722017        14.26412        21.11358       40.847136       27.069512       23.739723       24.908054       19.701881       29.010656       41.589042       29.461432 
      28.742797       33.251174       37.069366        8.018821       20.104451       13.985636       20.510373       39.391362       42.544815       62.279761       17.606908         23.1043 
      22.030579       30.353435       31.568806       43.346306       12.674225       12.989976           23.63       37.332937       35.250792       59.674767        9.025217       24.607014       15.527966 
      30.021817       24.691644       30.288998       39.618122        20.69344       12.757188       16.365218       35.150484        26.24005       56.892871       17.194065       19.593611       17.402234       11.094928 
      16.554823       34.020496       32.085124        45.99229       10.938199       22.224754       32.109701       39.212873       39.696971       60.325105        8.041998       30.039355        19.87754       12.141822       20.644736 
      25.675252       18.465444       21.851088       36.095063       14.581673       16.005144       19.330544       26.501404       26.874964       49.036852       14.899666       13.973553        14.57589       11.334939        8.500016       16.059123 
      22.893482       24.703846        27.94601       40.163578       16.144614       15.634843       21.006789       35.350279       27.862574       56.444247       12.901536       22.530284        17.83151        7.833849        6.549371       16.734286       10.302703 

Paso 7:

      41.621436 
      38.047913       14.332659 
      49.379983       43.214779       50.113661 
      14.563109       31.020545       28.056333       47.048697 
      32.690369       33.539146       37.256568       42.156697       22.843906 
      42.448918       32.213563       41.657454       34.813952       33.994612        17.94159 
      46.450165       15.954397       12.379022       50.431473       34.817442       40.157842       42.807043 
       47.21815       19.156303       27.257923       52.457086       38.836908       39.459878       35.569798       32.249749 
      66.013294       34.819854       29.321506       67.954982       56.019331        62.46387       64.637755       23.603647       46.123421 
      15.439033       33.778222       33.528965       43.218611       11.504922       20.004977       28.837183       40.678226       38.987677       62.303962 
      39.722017        14.26412        21.11358       40.847136       27.069512       23.739723       24.908054       19.701881       29.010656       41.589042       29.461432 
      28.742797       33.251174       37.069366        8.018821       20.104451       13.985636       20.510373       39.391362       42.544815       62.279761       17.606908         23.1043 
      22.030579       30.353435       31.568806       43.346306       12.674225       12.989976           23.63       37.332937       35.250792       59.674767        9.025217       24.607014       15.527966 
      16.554823       34.020496       32.085124        45.99229       10.938199       22.224754       32.109701       39.212873       39.696971       60.325105        8.041998       30.039355        19.87754       12.141822 
      25.675252       18.465444       21.851088       36.095063       14.581673       16.005144       19.330544       26.501404       26.874964       49.036852       14.899666       13.973553        14.57589       11.334939       16.059123 
      22.893482       24.691644        27.94601       39.618122       16.144614       12.757188       16.365218       35.150484        26.24005       56.444247       12.901536       19.593611       17.402234        7.833849       16.734286        8.500016 

Paso 8:

      41.621436 
      38.047913       14.332659 
      49.379983       43.214779       50.113661 
      14.563109       31.020545       28.056333       47.048697 
      32.690369       33.539146       37.256568       42.156697       22.843906 
      42.448918       32.213563       41.657454       34.813952       33.994612        17.94159 
      46.450165       15.954397       12.379022       50.431473       34.817442       40.157842       42.807043 
       47.21815       19.156303       27.257923       52.457086       38.836908       39.459878       35.569798       32.249749 
      66.013294       34.819854       29.321506       67.954982       56.019331        62.46387       64.637755       23.603647       46.123421 
      15.439033       33.778222       33.528965       43.218611       11.504922       20.004977       28.837183       40.678226       38.987677       62.303962 
      39.722017        14.26412        21.11358       40.847136       27.069512       23.739723       24.908054       19.701881       29.010656       41.589042       29.461432 
      28.742797       33.251174       37.069366        8.018821       20.104451       13.985636       20.510373       39.391362       42.544815       62.279761       17.606908         23.1043 
      16.554823       34.020496       32.085124        45.99229       10.938199       22.224754       32.109701       39.212873       39.696971       60.325105        8.041998       30.039355        19.87754 
      25.675252       18.465444       21.851088       36.095063       14.581673       16.005144       19.330544       26.501404       26.874964       49.036852       14.899666       13.973553        14.57589       16.059123 
      22.030579       24.691644        27.94601       39.618122       12.674225       12.757188       16.365218       35.150484        26.24005       56.444247        9.025217       19.593611       15.527966       12.141822        8.500016 

Paso 9:

      41.621436 
      38.047913       14.332659 
      14.563109       31.020545       28.056333 
      32.690369       33.539146       37.256568       22.843906 
      42.448918       32.213563       41.657454       33.994612        17.94159 
      46.450165       15.954397       12.379022       34.817442       40.157842       42.807043 
       47.21815       19.156303       27.257923       38.836908       39.459878       35.569798       32.249749 
      66.013294       34.819854       29.321506       56.019331        62.46387       64.637755       23.603647       46.123421 
      15.439033       33.778222       33.528965       11.504922       20.004977       28.837183       40.678226       38.987677       62.303962 
      39.722017        14.26412        21.11358       27.069512       23.739723       24.908054       19.701881       29.010656       41.589042       29.461432 
      16.554823       34.020496       32.085124       10.938199       22.224754       32.109701       39.212873       39.696971       60.325105        8.041998       30.039355 
      25.675252       18.465444       21.851088       14.581673       16.005144       19.330544       26.501404       26.874964       49.036852       14.899666       13.973553       16.059123 
      22.030579       24.691644        27.94601       12.674225       12.757188       16.365218       35.150484        26.24005       56.444247        9.025217       19.593611       12.141822        8.500016 
      28.742797       33.251174       37.069366       20.104451       13.985636       20.510373       39.391362       42.544815       62.279761       17.606908         23.1043        19.87754        14.57589       15.527966 

Paso 10:

      41.621436 
      38.047913       14.332659 
      14.563109       31.020545       28.056333 
      32.690369       33.539146       37.256568       22.843906 
      42.448918       32.213563       41.657454       33.994612        17.94159 
      46.450165       15.954397       12.379022       34.817442       40.157842       42.807043 
       47.21815       19.156303       27.257923       38.836908       39.459878       35.569798       32.249749 
      66.013294       34.819854       29.321506       56.019331        62.46387       64.637755       23.603647       46.123421 
      39.722017        14.26412        21.11358       27.069512       23.739723       24.908054       19.701881       29.010656       41.589042 
      25.675252       18.465444       21.851088       14.581673       16.005144       19.330544       26.501404       26.874964       49.036852       13.973553 
      22.030579       24.691644        27.94601       12.674225       12.757188       16.365218       35.150484        26.24005       56.444247       19.593611        8.500016 
      28.742797       33.251174       37.069366       20.104451       13.985636       20.510373       39.391362       42.544815       62.279761         23.1043        14.57589       15.527966 
      15.439033       33.778222       32.085124       10.938199       20.004977       28.837183       39.212873       38.987677       60.325105       29.461432       14.899666        9.025217       17.606908 

Paso 11:

      41.621436 
      38.047913       14.332659 
      14.563109       31.020545       28.056333 
      32.690369       33.539146       37.256568       22.843906 
      42.448918       32.213563       41.657454       33.994612        17.94159 
      46.450165       15.954397       12.379022       34.817442       40.157842       42.807043 
       47.21815       19.156303       27.257923       38.836908       39.459878       35.569798       32.249749 
      66.013294       34.819854       29.321506       56.019331        62.46387       64.637755       23.603647       46.123421 
      39.722017        14.26412        21.11358       27.069512       23.739723       24.908054       19.701881       29.010656       41.589042 
      28.742797       33.251174       37.069366       20.104451       13.985636       20.510373       39.391362       42.544815       62.279761         23.1043 
      15.439033       33.778222       32.085124       10.938199       20.004977       28.837183       39.212873       38.987677       60.325105       29.461432       17.606908 
      22.030579       18.465444       21.851088       12.674225       12.757188       16.365218       26.501404        26.24005       49.036852       13.973553        14.57589        9.025217 

Paso 12:

      41.621436 
      38.047913       14.332659 
      14.563109       31.020545       28.056333 
      32.690369       33.539146       37.256568       22.843906 
      42.448918       32.213563       41.657454       33.994612        17.94159 
      46.450165       15.954397       12.379022       34.817442       40.157842       42.807043 
       47.21815       19.156303       27.257923       38.836908       39.459878       35.569798       32.249749 
      66.013294       34.819854       29.321506       56.019331        62.46387       64.637755       23.603647       46.123421 
      39.722017        14.26412        21.11358       27.069512       23.739723       24.908054       19.701881       29.010656       41.589042 
      28.742797       33.251174       37.069366       20.104451       13.985636       20.510373       39.391362       42.544815       62.279761         23.1043 
      15.439033       18.465444       21.851088       10.938199       12.757188       16.365218       26.501404        26.24005       49.036852       13.973553        14.57589 

Paso 13:

      41.621436 
      38.047913       14.332659 
      32.690369       33.539146       37.256568 
      42.448918       32.213563       41.657454        17.94159 
      46.450165       15.954397       12.379022       40.157842       42.807043 
       47.21815       19.156303       27.257923       39.459878       35.569798       32.249749 
      66.013294       34.819854       29.321506        62.46387       64.637755       23.603647       46.123421 
      39.722017        14.26412        21.11358       23.739723       24.908054       19.701881       29.010656       41.589042 
      28.742797       33.251174       37.069366       13.985636       20.510373       39.391362       42.544815       62.279761         23.1043 
      14.563109       18.465444       21.851088       12.757188       16.365218       26.501404        26.24005       49.036852       13.973553        14.57589 

Paso 14:

      41.621436 
      32.690369       33.539146 
      42.448918       32.213563        17.94159 
       47.21815       19.156303       39.459878       35.569798 
      66.013294       34.819854        62.46387       64.637755       46.123421 
      39.722017        14.26412       23.739723       24.908054       29.010656       41.589042 
      28.742797       33.251174       13.985636       20.510373       42.544815       62.279761         23.1043 
      14.563109       18.465444       12.757188       16.365218        26.24005       49.036852       13.973553        14.57589 
      38.047913       14.332659       37.256568       41.657454       27.257923       23.603647       19.701881       37.069366       21.851088 

Paso 15:

      41.621436 
      42.448918       32.213563 
       47.21815       19.156303       35.569798 
      66.013294       34.819854       64.637755       46.123421 
      39.722017        14.26412       24.908054       29.010656       41.589042 
      28.742797       33.251174       20.510373       42.544815       62.279761         23.1043 
      38.047913       14.332659       41.657454       27.257923       23.603647       19.701881       37.069366 
      14.563109       18.465444       16.365218        26.24005       49.036852       13.973553       13.985636       21.851088 

Paso 16:

      41.621436 
      42.448918       32.213563 
       47.21815       19.156303       35.569798 
      66.013294       34.819854       64.637755       46.123421 
      28.742797       33.251174       20.510373       42.544815       62.279761 
      38.047913       14.332659       41.657454       27.257923       23.603647       37.069366 
      14.563109        14.26412       16.365218        26.24005       41.589042       13.985636       19.701881 

Paso 17:

      41.621436 
      42.448918       32.213563 
       47.21815       19.156303       35.569798 
      66.013294       34.819854       64.637755       46.123421 
      38.047913       14.332659       41.657454       27.257923       23.603647 
      14.563109        14.26412       16.365218        26.24005       41.589042       19.701881 

Paso 18:

      42.448918 
       47.21815       35.569798 
      66.013294       64.637755       46.123421 
      38.047913       41.657454       27.257923       23.603647 
      14.563109       16.365218       19.156303       34.819854       14.332659 

Paso 19:

      42.448918 
       47.21815       35.569798 
      66.013294       64.637755       46.123421 
      14.563109       16.365218       19.156303       23.603647 

Paso 20:

      35.569798 
      64.637755       46.123421 
      16.365218       19.156303       23.603647 

Paso 21:

      46.123421 
      19.156303       23.603647 

Paso 22:

      23.603647 

Paso 23:


